3 3
1 3 4
>> 3

6 3
1 1 4 5 1 4
>> 10

6 1
1 1 4 5 1 4
>> 21

6 2
1 1 4 5 1 4

6 4
1 1 4 5 1 4
>> 4 {4, 5, (4,5), 4}

6 5
1 1 4 5 1 4
>> 1

1 3
1
>> 0

1 3
3
>> 1

1 3
4
>> 1

100 100
1 2 3 4 5 6 7 8 9 10 11 12 13 14 15 16 17 18 19 20 21 22 23 24 25 26 27 28 29 30 31 32 33 34 35 36 37 38 39 40 41 42 43 44 45 46 47 48 49 50 51 52 53 54 55 56 57 58 59 60 61 62 63 64 65 66 67 68 69 70 71 72 73 74 75 76 77 78 79 80 81 82 83 84 85 86 87 88 89 90 91 92 93 94 95 96 97 98 99 100
>> 1

100 95
1 2 3 4 5 6 7 8 9 10 11 12 13 14 15 16 17 18 19 20 21 22 23 24 25 26 27 28 29 30 31 32 33 34 35 36 37 38 39 40 41 42 43 44 45 46 47 48 49 50 51 52 53 54 55 56 57 58 59 60 61 62 63 64 65 66 67 68 69 70 71 72 73 74 75 76 77 78 79 80 81 82 83 84 85 86 87 88 89 90 91 92 93 94 95 96 97 98 99 100
>> 36
{95, 96, } - indiv: 6
{95...96, 96...97,}---> 5
{93...95, 94...96} --> 6
{94...96, 95...97,...} --> 5
{93...97, 94...98,...} ---> 4
{92...98} ---> 3
{91...99} ----> 2
{90...100} ----> 1
Total: 32? Maybe I count wrong.
